# Simulation Configuration
polymer_type: ring
M: 40
init_N: 64
rho_b: 0.100000
box_xy: 35.777088
H: 20.000000
rcut: 1.000000
max_N: 640
